image_width: 1280
image_height: 720
camera_name: narrow_stereo
camera_matrix:
  rows: 3
  cols: 3
  data: [941.316237, 0, 658.375375, 0, 948.006207, 324.291715, 0, 0, 1]
distortion_model: plumb_bob
distortion_coefficients:
  rows: 1
  cols: 5
  data: [0.058695, -0.109209, -0.010871, 0.008359, 0]
rectification_matrix:
  rows: 3
  cols: 3
  data: [1, 0, 0, 0, 1, 0, 0, 0, 1]
projection_matrix:
  rows: 3
  cols: 4
  data: [945.778625, 0, 670.976902, 0, 0, 961.408325, 317.456329, 0, 0, 0, 1, 0]