image_width: 640
image_height: 480
camera_name: camera
camera_matrix:
  rows: 3
  cols: 3
  data: [661.992745, 0, 381.017887, 0, 670.372459, 227.636896, 0, 0, 1]
distortion_model: plumb_bob
distortion_coefficients:
  rows: 1
  cols: 5
  data: [0.191268, -0.101591, -0.011564, 0.036591, 0]
rectification_matrix:
  rows: 3
  cols: 3
  data: [1, 0, 0, 0, 1, 0, 0, 0, 1]
projection_matrix:
  rows: 3
  cols: 4
  data: [686.770264, 0, 394.580357, 0, 0, 714.074341, 224.53846, 0, 0, 0, 1, 0]
